41.4311   89.8177   179.252   10.9978   5.19865   
100.873   142.647   102.84   12.0575   3.94115   
46.3947   28.4089   35.9121   15.0811   3.93888   
110.775   88.986   33.9921   13.5271   3.76268   
99.5396   179.766   171.912   13.7514   3.73496   
105.474   51.4619   59.7014   12.1624   3.66222   
18.3209   93.9496   163.73   10.7498   3.4359   
111.203   113.163   100.674   13.1764   2.86728   
115.108   106.079   70.6397   13.6364   2.81481   
114.114   51.0243   144.88   15.125   2.7811   
140.816   103.929   170.848   10.6727   2.75381   
133.757   142.962   113.928   12.1571   2.05005   
