22.804393	42.6795	16.101102	16.135837812953866
94.00489	44.29396	66.70319	15.015653702503585
165.73906	203.68188	6.922355	9.35712567742333
85.20563	191.18281	108.270586	12.298828806551235
191.83736	189.08261	112.03758	8.97164638453026
54.825527	171.99439	86.33553	9.467254928927014
46.68878	65.618445	113.79081	9.719193604627144
110.77471	88.98595	33.992094	11.725615772758697
110.34073	147.42273	94.28792	10.911607935720484
173.24211	137.92506	23.976922	7.919577009024483
155.00367	131.82862	200.72495	9.102237104500318
136.01086	4.655405	83.523875	9.682480678828997
72.33944	10.13932	160.19873	8.420436901233387
63.003074	82.4615	46.741254	7.9159879827036095
121.39988	125.719305	44.394547	13.403235966291842
114.11393	51.024293	144.87989	12.93811468259051
43.98983	169.7582	202.31394	5.636714423686197
154.70447	89.33952	37.912258	9.749148889576308
35.72802	84.55363	192.25084	9.220948186061005
23.730348	2.911568	124.07551	5.345481243564228
1.303726	30.337242	156.39906	8.40390641871355
49.632555	17.179365	62.35548	5.6925924901733165
163.12211	10.54707	165.14605	8.868488209988058
99.53955	179.76575	171.91156	12.686571699852436
12.905451	115.93286	120.72201	8.001554746767077
147.83255	115.67641	129.56229	8.376596791413958
117.63501	13.942077	66.29462	10.947165481046497
142.58048	63.373516	187.795	8.235598205408653
64.0068	197.80856	199.09058	12.957871898688397
46.394727	28.408904	35.912137	12.17688447761475
18.320855	93.94956	163.7297	10.041068230794469
37.548277	173.80828	64.351246	6.417437014250394
12.853438	113.0535	83.58073	5.364551242238625
92.72879	199.33325	188.91666	8.363430211571895
93.044234	130.25032	47.69451	8.781213109850043
101.60068	9.026469	89.80002	9.970055312490597
174.09919	102.43783	118.719195	7.092457174667984
173.01616	204.79834	116.13214	9.24946203171422
90.8998	33.98461	184.22716	5.966225210912187
32.494127	163.71094	105.82534	5.495898839494089
96.98915	170.52855	119.73383	8.699288762638037
92.4742	85.43779	16.405898	7.34706782061786
136.71706	28.0233	166.91047	9.969020247253889
71.247664	145.85006	195.40717	4.8540490328827115
34.628363	157.37828	57.87503	4.983248228325848
64.59944	150.8337	139.66761	8.690459026106007
77.53693	51.28904	96.733305	4.64904616155612
116.08958	6.93126	34.754	9.434316627603602
109.93201	111.015555	124.91808	12.007420846682876
184.87747	166.48745	95.51036	8.216795456688892
196.07681	203.66595	68.80383	9.48284456575135
128.83259	1.437055	125.74019	9.77915876989712
140.8162	103.92878	170.84767	10.329045382037899
98.08431	73.19825	148.97619	9.559634585027222
75.35444	101.06728	71.208164	5.819896582141231
84.16592	159.46212	29.849723	9.093617585432156
67.35972	197.50392	170.92677	9.063213528163198
186.31494	81.20843	162.10455	6.67703234154691
4.987406	185.446	8.243659	7.829969472880035
81.622	3.872977	45.278418	6.348390833842202
95.15473	163.77428	64.283105	6.800359101754509
87.55956	174.50075	41.089273	6.407589438796268
155.0711	83.25095	194.74081	6.959218434430195
160.16325	125.75401	61.429664	7.210981849505655
20.303932	154.44275	187.7904	5.296451094711198
134.23505	76.32973	78.026586	7.398427001808764
155.43902	114.58843	30.511367	7.39667650699509
34.89718	185.08028	194.73533	9.202351956404652
58.93075	44.91063	70.334195	7.562253371024948
133.75728	142.9616	113.92826	10.784280262596228
149.14764	40.66311	118.46305	7.132602531069955
18.466605	102.4445	204.57512	6.123883359935084
117.47427	80.00927	102.58163	6.299385088859516
152.3339	59.10001	3.767307	5.521528334083072
114.1655	22.379791	106.15723	5.395111395104804
178.21869	118.63903	72.2982	7.151947662047554
134.76989	182.96017	178.92872	6.717362675634245
93.88368	160.22178	88.667414	5.421690957814904
6.553411	24.188871	74.694305	7.092563752885545
169.67464	90.685766	200.21406	5.4686227565718255
100.717195	45.382258	15.298265	6.059697580142728
131.4951	0.734602	53.185223	9.608182060593169
80.7208	89.78085	112.201164	9.48516457579581
105.98896	111.49774	146.34048	6.239309540790504
141.49795	197.02122	155.1186	8.447288759766566
17.647252	142.23877	124.93942	7.441420167320029
54.91091	127.79254	49.22621	5.958634484722211
41.646082	174.99339	29.178771	5.605552491976974
90.35112	14.359547	174.05819	8.223956104672663
120.3046	51.44659	86.440125	5.036223703294073
172.02095	167.59498	81.85243	8.239733524742128
25.966848	195.32306	89.47264	5.27994175253963
33.806387	149.99866	5.167112	6.511576798721731
122.8541	173.79266	99.04788	13.142052218564903
60.235883	62.196074	154.15542	9.06615464546698
115.10758	106.07861	70.639695	11.713277486076095
94.345305	100.7506	15.904286	5.441377578325815
167.56905	147.10077	178.96614	6.29329192258818
4.494215	85.52039	158.87945	5.918291572696669
111.91853	71.43625	5.229148	5.949622537535239
71.317195	86.2468	26.8015	5.908470003760218
111.27942	82.70167	88.497055	5.4453168920039765
187.4166	4.570022	76.8184	6.217153417369289
198.03739	29.657729	190.70689	4.885773790188156
60.183914	108.2795	90.492836	4.970782859383512
44.08711	125.02065	24.230244	6.080835079028138
74.94661	64.99171	112.391555	5.51149558225173
125.542414	58.54638	176.06664	6.482114619861365
36.79723	17.58059	149.95789	4.757729349794294
196.45231	51.89185	97.21182	4.911958078912797
47.146266	188.3065	54.856836	5.2908687093784295
193.21436	83.34957	187.44842	5.261443714737979
49.92846	40.920145	132.46747	6.288969312835588
39.35034	71.52325	185.14892	7.60828633521781
66.49306	181.3112	100.43607	6.673997756100996
177.65114	11.554373	155.4115	6.425002874490553
195.6692	201.51286	40.377414	6.608102093295084
161.59125	194.26558	60.704383	4.732257760810281
59.22877	169.04089	67.27213	6.007082318685766
186.43077	105.49365	11.563857	4.622420102097957
76.888086	200.95594	89.86564	5.556212691228149
16.20636	186.94775	141.54762	6.66019418743044
159.70322	145.11516	116.20031	7.123020144503398
175.85198	27.979379	179.75606	4.850109903644936
73.82922	32.168848	44.5958	4.755602044026244
151.56347	20.356598	94.36191	4.74233271580124
59.789664	12.525887	163.35325	4.658366717031359
120.26833	12.714983	7.368456	6.834627583235268
163.60395	143.09695	30.896137	6.977213774959063
12.282419	125.04526	143.3362	5.710995370214267
183.10392	170.46775	34.75936	7.6286657526616
36.844707	170.09675	185.79347	7.0836756587386365
165.55447	93.06898	64.538438	9.01687945925854
172.51253	204.72292	167.90534	7.7108658887313
132.2583	145.9232	6.464178	7.0534099432053665
11.347044	14.353193	178.00816	4.743973603144479
126.133	108.12544	128.00467	8.576644359069956
6.519813	38.096336	92.60068	6.765976495055238
103.53074	107.57581	168.22502	5.314126072693246
73.46201	59.421875	203.50512	8.007240772575802
93.73386	82.608805	178.26348	5.49925552802932
51.453965	163.30975	24.759238	6.720570452988972
133.26919	161.38333	69.00451	5.007827170990042
91.75902	185.79422	58.162883	4.972642112995176
170.63378	187.75386	203.58356	9.858687232177722
40.74397	164.93862	177.73131	10.083733299088593
202.97634	173.45662	133.42594	5.548971629263533
156.81442	157.17948	191.71436	6.973619397920594
111.20348	113.1632	100.67443	10.820766056329502
197.35827	196.99503	164.96444	6.77630225490227
94.0067	89.192055	192.98445	5.835829926811739
160.83512	179.51144	174.40216	4.929519424481002
141.76664	47.988375	184.66055	7.191813571317031
75.916555	123.10378	122.43868	7.323311071940429
204.22578	5.046496	102.224375	6.0399717376768525
143.49075	10.972126	180.15233	8.196683126182116
37.94473	124.96399	200.46523	9.002235338239856
138.28294	151.19242	171.02269	7.7928489372208265
102.13591	190.97703	15.912773	6.732561243471901
5.81894	113.49521	19.067945	6.062532573789462
57.534676	186.1371	160.78014	12.006184099754158
98.61415	51.238812	1.635364	6.100668503251077
183.34622	80.49292	91.28571	5.347873904168265
93.74181	112.15185	33.24881	5.594164456417511
8.887026	94.20693	85.893	8.801762978790627
12.274115	123.639195	105.19905	4.888852667348074
170.80788	200.87708	31.005305	10.065609478395306
142.36739	140.71988	97.642914	6.189458965672532
13.16095	31.457826	52.69212	8.808656151947421
154.66162	41.804258	132.16034	4.860917609105062
190.17481	158.65011	8.405188	7.036688101340708
182.72602	108.60646	78.75819	7.893129185213499
88.34399	22.915225	94.35454	9.189370871870079
80.50314	162.33944	98.38579	6.1017730379013315
202.52134	149.61006	68.878234	8.825949064412413
99.51451	194.63625	203.36842	7.281104243227396
181.8768	77.53761	203.31356	5.056034360117872
105.43262	67.7115	82.955	4.877990748946637
51.712203	10.961218	137.47019	4.95854173687591
15.905256	62.30863	111.43816	6.823129593872061
115.37857	195.41072	98.38298	5.576076713603929
142.23444	36.852332	13.302673	6.325226542185202
142.1783	69.49845	61.81368	4.836988769753327
38.99578	196.3977	157.01847	8.180225710327218
142.29125	117.51537	100.812336	6.024310331172341
24.041453	124.31963	99.67863	7.978529912606378
40.12173	139.4626	129.774055	5.097724906923304
77.95187	4.026141	4.563003	6.626194370561137
167.02292	90.80563	101.21133	6.258766708082991
53.205953	204.20431	67.5843	6.043114423727751
14.368867	80.514016	98.991375	6.686468918748865
77.7432	169.1715	119.41362	6.236674360945161
6.859958	134.016	204.60753	7.746740398807093
167.16844	71.83892	35.601234	9.717092564437513
13.758135	51.54516	175.51062	9.40006436154927
82.64447	46.263047	202.68561	6.107083488025632
42.3448	163.60273	130.605125	7.583151880463921
202.4563	133.3774	190.03736	5.306035635331677
168.40153	65.258332	153.22614	5.728645411339955
57.848266	74.88902	67.24656	5.879522601954706
41.536586	156.5889	194.41667	5.743116401805487
143.89298	99.39396	69.16187	5.874548146559491
113.46241	0.870446	194.95342	5.323078982031928
72.94896	177.63242	163.21388	4.688544988441345
204.25312	59.443777	15.482631	13.850020305853636
14.482022	116.16703	171.58777	5.721645176586968
199.53527	95.06778	28.113908	6.337450991922818
131.02652	120.86425	204.76911	4.838762106951315
26.958443	168.95448	164.76533	5.480574499158714
104.11683	176.70339	5.791085	11.436951470445592
67.07616	159.25112	21.34706	4.830662393373027
78.00556	119.86164	101.49524	5.913250911318356
23.951277	97.87942	89.76106	7.222196344000217
202.34348	118.73163	42.04504	5.288586443120171
53.44184	173.0529	21.187852	5.9727256436296
22.196092	99.705805	35.482098	6.838501812688785
10.798211	28.899498	134.83386	6.765039093937995
68.28269	72.52549	89.47665	5.554238199849779
186.96112	72.6078	83.34046	5.870167988686992
186.8451	79.60715	30.611729	7.013941021532057
74.804	1.802311	144.68131	7.111044745692468
16.67887	40.75316	145.38519	4.7380343365296635
10.820047	48.005145	134.78416	7.446182820998031
21.540049	72.8696	66.17615	7.893371571777398
118.88092	166.21925	196.88677	9.111751506014205
71.25916	50.84015	120.50634	4.6479200096236335
181.84788	86.94321	132.20433	5.4439499294219225
144.16856	160.80872	20.42379	7.666123121940169
181.40578	18.233908	20.51593	6.28004970470635
198.88753	201.80316	30.494713	6.389114244740442
118.40757	37.753906	191.40369	5.241182229772582
127.85936	150.61372	167.5168	4.772462235157174
43.11271	67.52654	21.46897	8.810979546762898
127.68073	22.54252	84.934164	8.862975502868329
181.98481	132.06038	187.17184	5.105524079664043
35.56954	199.58606	148.27477	7.425739599493961
167.72036	146.59764	85.21372	7.13762339601638
110.33351	122.2735	121.00915	5.940047547338669
165.96428	80.893234	156.35427	6.561104059028561
68.89706	32.663693	79.794836	5.961483521033767
6.114843	106.51226	107.54794	7.351591857503361
166.89111	180.0268	123.655945	5.834823696084461
193.76164	32.501555	88.63112	7.331668106498061
149.3753	40.337664	95.47214	4.798713755254987
191.39856	121.10359	102.93176	5.017472248194128
144.55114	95.73	156.56031	6.059360198686363
128.424734	137.33869	176.9234	4.719780104704971
63.17702	158.64978	68.32828	7.482714050955002
138.28194	117.66285	56.72615	7.625269619500241
143.09453	141.61448	168.99492	4.687253302462503
128.74564	201.88652	191.68948	6.7172613117737825
162.94872	109.50978	61.228844	5.827334637023187
74.553484	55.4396	11.133574	7.166142912277897
64.607184	24.404021	99.12952	9.451214972246657
113.4654	108.52913	185.0434	7.362346942546385
91.43348	65.7794	54.59063	6.627295692792998
95.84185	94.810734	55.63418	6.363571086362107
148.25839	114.421195	86.058	6.332665544149224
85.30312	126.76315	165.15102	5.3429597318774
59.32422	191.899	118.12111	6.745747537696783
140.71006	84.765984	186.1188	4.851502687755811
27.931422	12.439251	124.169836	5.832614103460465
124.27358	98.05279	181.39875	7.108829697731202
15.019634	197.46336	160.25861	5.566369894757589
130.36202	178.6418	111.766234	6.821375085440081
20.998326	105.20358	29.283938	6.008166290714017
146.62111	151.13211	105.00511	6.081972477435096
168.5666	114.784555	20.23238	5.358321509145904
42.42404	25.906424	89.00364	8.397168142933285
81.31772	163.75022	68.08923	6.118578671590595
5.866218	20.906906	15.137755	9.464835299608929
80.853445	62.640387	192.2403	6.485198562095242
21.152277	44.811367	31.025625	14.99365494076589
185.4396	17.058627	164.02423	5.6205719976396615
178.66712	130.73949	103.38956	5.1117230815303305
184.76402	69.782766	192.0055	6.286594122006694
49.53999	147.32834	149.50206	7.594516453413695
14.473148	108.68965	147.62167	4.666977035208383
124.51958	96.84532	195.43925	8.420783803523616
185.81697	181.60552	183.65838	6.34768940794066
136.54828	4.629926	133.23417	8.50403840301663
135.38753	116.31757	177.02848	8.816585333328048
130.58184	69.670164	164.79756	4.7690348525561115
90.08811	110.41047	94.8647	4.754829732141067
112.040914	162.6766	83.30682	7.964352098519737
144.81348	157.49681	57.19179	4.73165319495045
186.9369	119.79236	8.475504	4.892436012185151
73.67302	63.436348	89.878414	5.700641754668286
41.431117	89.817734	179.25152	10.226278275921938
105.65005	120.655414	45.254812	11.175136519336611
158.61131	50.169523	97.83487	5.302237469559653
140.09925	86.79833	108.84039	9.031697640389702
132.0761	86.342586	140.18916	4.768264321714671
170.53442	116.3111	85.764414	10.51328867344641
123.3164	96.35418	171.21284	6.860734188964685
190.38925	46.114145	153.11745	7.052172744157957
23.744248	19.36042	198.17275	8.198581312427383
57.591133	64.146254	61.824035	5.967257719093597
149.58669	113.57235	20.00687	5.10009840333696
171.75388	81.60345	126.126516	6.098578371671641
104.56238	160.28117	203.10592	6.528976985903766
152.551	127.25129	80.17768	5.297845354784798
2.229035	188.27803	19.012482	6.76804325288826
45.663082	12.292751	6.906479	7.093794774499639
36.93384	27.370738	119.82084	5.680898957036489
11.379781	177.34755	162.90483	5.401014142874512
3.152665	56.24543	170.45384	9.104207281865365
113.0624	45.12551	63.972082	5.46074680878671
74.29285	182.80431	45.59376	7.932877842733449
198.34538	48.23313	191.08064	6.077785342774423
105.47401	51.461926	59.701383	11.006091739816526
121.66326	178.52411	130.42166	6.023929687050544
49.94462	57.33287	160.25516	5.610236884807582
184.34762	128.00166	83.4386	7.166020983830776
11.048912	179.58795	33.347832	6.0339079990713955
130.755375	55.531008	45.33548	4.8636937285663535
182.38864	178.64173	50.233832	8.276584399859367
153.03062	174.04383	162.82027	6.260749351900692
113.53133	186.39772	7.145311	7.459043055507074
198.63745	7.398965	170.94133	5.076126178369885
140.80592	69.57829	76.71966	6.436517377385284
86.26558	193.70781	43.49346	6.548619632331651
81.58109	24.608479	82.36552	4.900947490228255
167.733	152.02173	113.87509	7.088221758001843
60.64047	25.587922	90.5982	5.82981961870769
158.1259	68.852266	4.397835	4.706751001178038
31.27396	31.844463	7.092039	8.73930204167886
109.25907	165.12817	61.721438	5.018107080111956
203.2777	24.53552	108.76327	4.73330966532518
37.709613	60.03026	152.6705	5.949549204242761
37.208297	72.60708	109.087055	5.460625408387173
111.77926	52.967348	104.91812	4.816902026561718
102.54705	94.233375	158.5569	9.251602919974
16.150323	22.493775	25.868611	9.616901202531729
134.08792	81.117414	158.90683	9.951258079908296
32.688896	71.40472	30.427111	10.122702484431397
0.871822	18.134148	145.5746	7.827150692518899
171.03969	130.328125	83.91248	8.592676741122405
172.27303	43.187844	27.39021	6.508619410124393
203.21625	136.57688	61.3652	9.542926989597213
71.16697	129.65845	97.70336	5.315052841019792
109.0369	66.275734	170.01978	4.99283524055682
195.71783	165.8643	147.57189	4.706223399144356
130.80978	5.951062	149.35928	5.3485011031576555
167.51031	200.70062	186.5059	8.142296546905229
177.80302	46.194324	159.64572	6.772460280979803
184.95155	155.1396	60.97782	6.7528075383656265
90.30121	63.75453	156.65912	12.643572713598576
140.32219	48.517695	185.96119	7.449132638934858
77.15664	63.295414	151.75198	8.483011665619294
182.89083	48.838984	43.216004	5.958160022425482
143.86553	102.11094	185.0209	4.820208385642365
100.87262	142.64658	102.84038	11.363430613467573
