700070 np
3094 nzones
m zone
17614 8
32475 271
43662 61
44016 78
45994 180
46232 59
49429 359
55728 82
55998 35
56184 17
56977 47
58685 41
60919 190
62730 207
64043 68
64725 53
68455 51
68770 389
69445 289
69853 16
70316 73
70608 6
77876 184
81029 184
81521 154
81655 192
81759 29
82392 22
82600 165
83266 55
84350 40
85109 23
85379 47
86671 222
87210 111
87976 380
91368 126
92432 73
92612 180
94004 98
95245 20
96303 12
96356 181
97477 67
97842 178
98921 542
98934 39
98972 47
99965 809
100488 86
101070 848
101226 132
102188 501
102748 242
103618 623
104170 540
105514 105
105530 171
106344 53
108593 9
109128 114
109696 46
110847 216
112135 57
112954 484
113031 130
114328 195
114349 195
115358 75
117172 268
117726 189
118854 893
120327 38
120517 105
120876 28
122142 260
122631 158
122705 62
123340 789
124410 41
125423 196
125653 145
126071 264
126288 352
126557 74
126673 291
127120 48
128222 162
128263 92
128842 218
130049 21
130705 37
131119 161
131204 22
131563 292
133468 474
133772 272
133964 35
134213 71
134545 295
135073 81
136158 149
136166 316
137026 14
137052 210
137180 46
137563 363
137574 138
137949 27
140163 91
140300 63
140684 233
141113 60
141292 41
141778 468
142430 225
142433 22
142568 968
142727 241
143243 8
145195 168
145521 196
145632 45
146156 73
146939 86
147002 202
147134 114
147320 85
147599 144
148165 151
148748 295
148961 157
149304 1685
149553 626
151349 1473
151483 286
151573 326
152091 536
152313 211
152354 100
152422 289
152630 72
152681 90
152802 249
152819 158
153059 49
154196 170
154215 107
154463 109
154615 82
154858 88
157135 702
157180 291
157312 254
157799 42
160375 87
160954 121
161061 516
161072 152
161623 334
161787 366
162493 6
162936 46
163908 72
163924 12
164241 102
165778 143
165912 163
165918 152
166156 45
166183 150
166284 125
166385 175
166681 91
166773 399
167227 151
167238 35
167925 132
169902 211
171077 59
171425 1521
172547 143
172583 245
173596 66
173844 182
173913 710
174604 77
174639 81
175418 189
175552 12
175657 199
175747 116
175925 77
176577 79
176727 166
176908 883
177844 79
178030 186
178113 1026
178375 198
179604 358
180575 155
180606 91
180754 14
181583 70
181908 78
181958 71
182159 686
182370 85
182646 163
183279 5
183920 34
183991 80
185059 105
185076 255
185153 132
185263 132
185789 142
185876 9
186190 1354
186203 206
186278 212
187423 697
188159 182
188954 473
189350 620
189536 54
189843 13
190198 26
190302 15
190674 270
190726 62
191074 331
191942 44
192625 201
193404 313
193416 24
193865 459
194398 619
194704 206
194940 229
194959 174
195122 42
195901 55
195947 210
195950 287
196354 1078
196400 987
196815 88
197545 518
198140 75
198220 278
198349 86
198673 48
198731 457
198783 565
199085 528
199239 76
199640 212
199785 12
200011 566
200298 135
200500 262
200748 344
200873 491
201259 146
201339 324
201825 155
202260 194
202827 41
202918 49
203448 175
203614 1236
203831 85
203853 324
203921 83
204075 494
204150 275
204262 51
205322 119
205385 347
205780 634
206914 27
207162 995
207470 67
208554 600
209118 36
209137 95
209840 1411
209868 144
209872 139
210007 114
210230 343
210374 28
210608 180
210800 143
211117 298
212225 358
212293 211
212584 14
213717 4
213949 51
214154 63
214156 53
214261 23
214598 253
214639 106
214906 142
215296 132
215508 653
215565 124
215770 31
215868 195
216006 185
216193 236
216573 148
216642 14
216908 30
216993 160
217419 320
217462 123
218233 409
218270 18
218276 459
218594 332
218763 14
219145 394
219446 260
219692 386
220126 134
220180 104
220830 102
220859 319
221057 46
221086 260
221464 600
222018 31
222221 749
222299 433
222415 30
222623 274
222671 234
223206 294
223580 406
223595 115
223746 146
223900 293
223923 67
225501 184
225612 171
225753 278
226041 160
226102 31
226419 121
226809 311
226990 180
227250 206
227434 575
227478 42
227513 76
227517 42
227617 299
227702 859
227982 818
228592 23
228734 62
228735 259
229266 15
229790 121
229803 77
230249 264
230299 154
230419 68
230909 455
231853 17
231938 217
231972 204
232033 160
233051 484
233319 119
234054 106
234270 101
234283 51
235265 70
235746 113
236435 74
236687 207
236777 31
236850 27
236885 852
237001 290
237624 758
237930 42
238432 136
238440 21
238574 10
239126 86
239394 126
239543 64
239619 21
239838 772
239893 115
240289 24
240479 553
240885 263
241072 52
241136 56
241916 183
241985 45
242323 84
242436 38
242496 46
242501 42
243031 819
243068 126
243325 321
243524 81
243724 265
243794 43
243996 281
244190 49
244870 76
245017 162
245230 25
245423 26
245525 12
245651 331
245705 362
245829 128
245926 47
245979 154
246051 128
246078 136
246139 88
246163 88
246195 73
246325 95
246341 226
246728 202
246865 121
246884 69
247033 159
247157 134
247320 39
247884 270
247998 36
248078 75
248153 275
248720 322
248771 124
249188 71
249250 174
249275 50
249768 84
249854 297
249954 243
249996 224
250299 68
250387 57
250541 397
251082 692
251381 50
251812 61
251932 633
251959 58
251974 233
252214 215
252526 156
252566 20
252656 105
252998 156
253012 173
253125 205
253672 355
253687 13
253854 180
253890 238
254032 244
254527 208
254833 46
255130 357
255345 375
255402 1
255411 11
255804 28
256304 469
256688 28
256870 165
257108 14
257538 1085
257709 109
258714 249
259078 256
259285 46
259479 643
259530 698
259742 601
259798 37
259940 371
260502 591
260510 52
260711 55
260817 24
261255 242
261303 615
261352 378
261773 155
261825 268
262032 5
262290 330
262351 35
262432 172
262460 341
262462 34
262548 467
262738 55
263333 313
263424 28
263533 1195
263578 281
263634 109
263774 24
264154 126
264318 110
264909 98
265121 433
265651 219
266286 106
266304 30
266614 87
266638 63
267605 84
267937 93
267946 747
268110 60
268147 173
268339 470
268461 536
268701 154
269052 29
269087 247
269112 206
269147 128
269263 74
269325 222
269376 297
269533 49
269665 202
269734 86
269827 66
269831 58
270054 387
270078 46
270297 7
270425 58
270781 126
270862 393
271451 163
271515 157
271749 153
271936 71
272136 1004
272538 330
272573 665
272877 19
272972 97
273067 151
273105 12
273436 766
273534 46
273631 212
274033 75
274173 21
274210 29
274447 173
274746 55
275112 139
275130 139
275462 205
275531 421
275800 371
276437 156
276520 159
276598 37
276659 237
276687 22
276706 188
277231 167
277285 252
277395 70
277510 54
277618 109
278469 1393
278613 57
278822 27
278866 37
279153 661
279247 92
279352 72
279429 696
279490 74
279604 68
279788 338
279812 46
280394 59
280547 144
280724 53
281528 123
281726 59
281970 215
282010 27
282044 89
282690 263
282931 83
283017 5
283125 528
283183 836
283726 174
283914 143
284107 37
284393 179
284466 346
284497 265
284521 631
284550 68
284591 206
284849 720
284967 417
285832 168
286911 160
286935 131
287224 234
287236 48
287466 8
287864 27
288181 17
288487 217
288954 252
289029 221
289265 326
289285 9
289409 1129
289911 54
290763 17
290854 313
290910 57
291120 94
291178 43
291236 389
291603 424
291890 156
292159 421
292223 35
292279 523
292287 44
292349 251
292405 20
292732 50
292768 325
292830 37
292960 62
292967 106
293522 100
293770 143
293772 180
293805 80
294103 50
294218 147
294691 324
294694 31
295049 139
295199 138
295486 93
295509 90
295584 393
295696 175
295877 501
295879 168
296129 45
296195 317
296693 368
296709 534
296766 18
297174 61
297247 403
297843 288
297877 126
298072 427
298189 149
298322 428
298407 63
298526 4
298567 45
298634 34
298704 581
298866 110
299060 336
299176 984
299199 232
299207 501
299510 113
299572 317
299765 36
299823 238
300621 978
301542 433
301623 100
301690 154
301999 71
302196 17
302449 58
302475 125
302534 13
302619 30
302818 101
302982 55
303466 277
303502 3
303549 75
303622 61
303826 257
303993 47
304295 114
304455 70
304526 51
304710 41
304850 333
304858 52
304942 157
305571 115
306300 129
306397 495
306422 77
306436 274
306604 40
306668 597
306919 76
307294 53
307339 1978
307655 46
307809 28
307833 151
307839 73
307874 45
307881 40
308062 918
308363 204
308433 32
308448 19
308465 43
308510 235
308817 931
309042 94
309159 189
309182 464
309373 34
309769 116
309954 420
309960 74
310006 46
310037 296
310705 115
310812 143
311063 19
311128 215
311351 84
311561 252
311840 228
311941 33
311980 54
312386 281
312510 36
312566 94
312696 230
313101 25
313107 208
313161 338
313305 957
313309 252
313568 144
313888 530
313967 486
314213 64
314214 751
314219 191
314237 27
314746 141
315017 16
315170 213
315185 254
315221 27
315337 97
315466 40
315568 15
315902 244
316335 42
316407 1105
316455 460
316560 6
316742 37
316905 552
317611 84
317695 32
317826 280
317989 63
318344 22
318941 55
319042 32
319124 2
319343 221
319532 187
319746 190
319850 509
319883 94
320110 27
320158 59
320332 180
320394 85
320625 625
320673 49
321104 20
321238 75
321620 56
321925 96
322144 163
322194 318
322825 215
322907 192
323202 885
323235 87
323515 108
323653 162
323804 62
323886 76
323901 234
323978 16
324244 158
324442 34
324712 114
325017 363
325757 496
325790 28
326265 124
326436 31
326540 268
326760 226
326943 10
327010 479
327221 80
327260 120
327723 146
327791 68
328019 8
328206 166
328216 35
328257 118
328502 97
328511 105
328565 105
328593 889
328771 47
328864 52
329088 155
329660 218
329685 43
329687 72
329982 633
330111 25
330306 39
330348 598
330656 373
331053 347
331560 558
331753 24
332292 113
332442 36
332800 327
332848 23
332899 10
333016 759
333038 85
333107 234
333242 481
333608 133
333853 333
333861 294
333997 551
334146 38
334611 89
334769 89
334856 219
334903 24
335014 72
335126 389
335673 503
335798 140
335806 83
335862 62
335876 82
336161 230
336390 79
336555 101
336940 195
337007 403
337104 265
337311 25
337342 138
337381 581
337751 47
337852 494
337936 462
338018 151
338075 119
338191 22
338210 347
338452 106
338647 68
340091 627
340200 217
340201 376
340333 474
340594 142
340627 1071
340927 160
341555 34
341947 38
342084 86
342126 662
342228 584
343314 112
343463 55
343565 112
343787 170
344303 333
344439 654
344531 44
344796 14
344804 741
344807 27
344931 133
345028 539
345302 230
345453 248
345604 60
345619 167
345627 21
346511 212
346868 56
347114 496
347125 687
347421 109
347738 19
347873 78
347875 32
347898 591
348436 141
348606 361
348614 40
348883 191
349185 124
349427 125
349507 8
349797 113
350343 258
350509 132
350523 651
350608 32
350647 100
350672 16
351180 33
351216 223
351508 94
351565 131
351579 462
351740 95
352084 181
352087 112
352142 227
352436 496
352457 71
352586 40
352859 101
353328 942
353354 44
353438 188
353642 85
353772 486
353943 8
354209 320
354217 78
354398 396
354450 106
354600 102
354970 1559
354985 65
355851 450
355860 115
355907 260
356037 56
356172 211
356197 100
356512 10
356602 186
356616 223
356752 193
356922 174
357089 381
357184 141
357431 144
357474 298
357530 224
357656 237
358102 235
358319 11
358557 145
358726 1223
358795 34
358844 409
358889 281
358930 52
359634 97
359683 362
360127 545
360375 182
360413 121
360422 90
360599 57
361202 119
361640 81
361794 29
361817 42
362368 172
362421 129
362594 266
362760 814
362767 131
362852 20
363250 33
363340 1006
363410 77
363987 378
364122 917
364123 175
364266 483
364705 99
365032 189
365081 351
365225 32
365470 142
365557 127
365591 98
365648 800
365959 92
366266 131
366402 704
366461 225
366494 620
366561 31
366742 34
366977 14
367183 640
367259 564
367364 639
367479 115
367666 157
367780 29
368036 268
368575 133
368939 266
369007 51
369192 65
369204 107
369283 159
369392 304
369406 528
369427 119
370151 131
370212 7
370343 128
370455 447
370516 31
371687 30
371752 588
372120 62
372806 164
373425 507
373611 208
374150 15
374280 348
374361 89
374512 194
374693 88
374761 188
374882 103
374929 15
375117 223
375488 975
375507 137
375528 49
375609 35
375842 50
375873 30
376273 269
376945 578
377021 512
377475 105
377483 282
377692 69
377847 88
378061 3
378268 109
378582 18
378703 93
378907 91
379005 126
379315 20
379486 10
379836 61
379907 31
380006 117
380477 78
380486 62
380754 220
380761 220
380910 119
381107 23
381213 298
381752 781
381758 109
381791 264
381855 172
381939 649
381941 575
381944 345
382056 532
382337 1113
382366 141
382380 113
382476 100
382517 87
382643 350
382803 192
382840 95
382993 144
383168 545
383402 1099
383571 178
383677 34
383917 136
384045 138
384383 325
384472 206
384748 64
384838 641
384987 124
385070 49
385430 49
385555 21
385734 36
386038 31
386050 119
387043 859
387346 202
387359 540
387395 234
387620 72
387837 408
387963 306
388076 647
388413 157
388831 545
389447 409
389499 49
389836 423
390115 178
390231 553
390280 1012
390410 444
390779 169
390853 317
390898 2
390940 204
391323 18
391450 32
391718 193
391831 251
391847 139
392080 41
392086 238
392474 34
392564 632
392625 168
392677 586
392882 951
393111 689
393198 414
393348 951
393547 223
393597 158
393730 49
393821 71
393867 451
393872 411
393879 349
393906 1648
394012 231
394029 104
394111 125
394303 431
394313 40
394438 105
394667 123
394883 196
394922 22
394940 31
395162 29
395294 28
395301 153
395549 267
395743 31
395863 131
395968 28
396662 164
396769 85
397088 166
397440 156
397685 57
397687 19
397704 136
398368 207
398647 872
398906 143
399004 113
399155 237
399207 110
399345 32
399566 848
399729 426
399750 84
399777 206
399966 772
400163 206
400276 85
400372 35
400551 62
400734 142
400743 246
400800 246
400809 75
401269 120
401316 204
401680 54
401768 221
401825 297
402066 48
402146 302
402296 161
402423 76
402434 147
402457 160
402472 260
402552 65
402772 216
402820 272
402961 18
402994 79
403064 1200
403315 526
403325 244
403444 66
403447 78
403465 217
403819 162
403979 76
404058 256
404061 211
404081 1124
404086 130
404136 118
404297 41
404377 15
404596 489
404681 517
404830 260
405146 152
405294 61
405324 279
405327 102
405490 753
405501 225
405882 155
406601 238
406611 121
406865 147
406951 67
406973 16
407026 17
407083 30
407202 96
407215 88
407780 145
407850 202
408384 738
408581 191
408601 540
408760 377
408812 93
408906 15
409325 125
409658 145
409715 91
409903 60
410150 529
410214 103
410672 76
410846 164
410922 165
411362 270
411426 546
411542 711
411574 3
411656 216
411787 17
411831 113
411861 60
411884 188
412195 643
412317 105
412364 63
412373 17
412404 387
412512 1080
412732 54
412815 168
413046 172
413191 100
413555 14
413712 12
414003 32
414186 481
414401 94
414458 99
414461 144
414819 219
415031 461
415287 23
415357 21
415401 854
415579 136
415605 61
415645 288
415875 204
416295 182
416442 85
416914 1072
417246 452
417469 104
417557 63
417896 365
418059 257
418088 612
418182 164
418289 173
418584 392
418728 257
418975 287
419010 221
419012 91
419113 225
419133 82
419246 23
419361 74
419394 401
419703 35
419768 215
419837 135
419919 353
419924 323
419978 702
419988 113
420154 25
420261 27
420305 65
420345 477
420429 1377
420908 146
420941 104
421094 300
421213 49
421256 304
421417 182
421760 258
421918 89
421940 105
422054 124
422535 231
422622 1256
422655 19
422711 63
423013 246
423054 114
423255 72
423968 557
424294 207
424585 449
424624 208
425401 54
425460 122
425480 119
425499 255
425565 260
425593 107
425603 198
425614 226
425897 105
425984 320
425999 70
426109 86
426534 142
426584 547
426623 519
426927 341
427187 550
427192 194
427366 247
427408 200
427467 94
427727 215
427839 42
427921 193
427942 566
427999 116
428007 149
428452 171
428513 13
428564 531
428641 398
428686 86
428837 162
428852 402
429016 15
429031 249
429532 224
429989 28
430228 42
430302 196
430307 37
430564 73
430737 198
430772 528
430811 189
430974 136
431055 8
431367 547
431375 362
431384 41
431420 33
431492 395
431521 561
431732 40
431748 425
431778 25
431823 395
431849 100
431927 292
431966 278
432223 42
433422 859
433953 36
433957 110
434229 1131
434246 173
434286 20
434291 335
434293 7
434392 352
434616 55
434751 16
434762 379
434787 122
434914 154
434960 828
434961 11
435102 620
435834 311
436044 283
436070 133
436118 203
436147 1164
436171 239
436265 695
436492 195
436588 154
436711 382
436838 591
437091 174
437134 151
437343 118
437625 71
437985 267
438006 95
438041 59
438540 571
438623 319
438624 90
438625 147
438729 15
438875 577
439175 168
439373 73
439387 64
439652 671
439733 231
439761 77
439911 60
440057 224
440219 536
440311 380
440336 369
440390 59
440495 69
440590 45
440618 63
440909 241
440971 29
441341 600
441573 93
441658 141
441711 243
441762 152
441997 308
442112 383
442388 1230
442423 296
442478 25
442560 245
442644 81
442682 567
442750 104
442896 33
443133 281
443381 280
443537 143
443611 151
443626 306
444112 47
444181 224
444266 309
444304 1065
444374 432
444575 53
444679 354
444729 79
445039 76
445117 193
445274 340
445436 678
445449 83
445557 203
445575 98
445750 125
445758 212
445867 192
446050 65
446071 168
446080 108
446118 681
446198 36
446336 89
446337 22
446344 19
446373 481
446382 104
446901 565
447085 53
447104 369
447337 405
447562 82
447677 240
447794 411
447903 662
448062 255
448125 27
448632 57
449297 162
449637 240
449683 107
450334 265
450391 298
450534 224
450766 191
450907 228
451018 121
451134 489
451168 318
451181 607
451261 170
451674 59
451915 281
451961 1116
452221 96
452231 1027
452298 109
452351 324
452358 130
452417 69
452645 207
452969 141
453052 80
453156 449
453258 156
453413 22
453567 332
453731 336
454156 63
454170 331
454417 41
454807 160
454864 1389
454873 607
455085 747
455486 163
455773 98
455883 131
456091 37
456184 418
456710 33
456811 38
457128 186
457207 111
457297 178
457393 21
457583 38
457667 87
457927 672
457952 34
458115 88
458189 150
458262 76
458517 277
458567 15
458600 292
458736 60
458979 368
459118 20
459181 258
459194 264
459285 262
459424 276
459526 131
459796 175
459863 33
460064 602
460110 299
460592 322
460819 61
460964 321
461034 167
461153 632
461181 493
461205 101
461270 770
461327 41
461593 205
461818 216
461822 631
461876 52
461987 816
462259 115
462312 313
462431 94
462843 117
463011 263
463418 273
463593 462
463780 278
463932 192
464003 1033
464294 226
464485 127
464621 91
464688 149
464783 223
464801 112
464975 23
465278 367
465447 43
465448 139
465472 64
465515 359
465906 908
465912 47
465930 203
465932 456
465967 50
466257 476
466685 124
466900 19
466920 49
467049 544
467151 97
467168 443
467319 228
467321 335
467548 422
467802 336
468072 591
468169 507
468260 22
468429 294
468732 146
468813 158
468876 73
468904 254
469010 35
469039 351
469051 26
469093 120
469197 124
469449 670
469537 279
469760 190
469821 392
470116 22
470466 399
470571 327
470646 154
470826 250
471001 177
471228 194
471244 291
471254 1976
471260 68
471296 59
471317 306
471345 53
471360 255
471455 406
471509 130
471540 32
471549 111
471671 105
471755 249
471769 63
472005 72
472076 370
472142 13
472336 94
472384 399
472708 131
472814 153
473147 168
473163 440
473214 247
473462 34
473515 121
473831 80
473884 201
473916 589
474153 26
474194 179
474476 154
474809 97
474967 433
475015 20
475050 186
475162 229
475505 20
475576 361
475614 191
475663 28
475930 61
476065 68
476398 64
476621 107
476679 134
476796 92
476830 171
476837 91
476864 1184
476892 96
477047 308
477389 694
477542 322
477545 13
477618 199
477771 177
478254 50
478262 108
478362 28
478468 110
478721 24
478737 283
478839 263
478925 691
479063 100
479151 146
479332 97
479550 105
479668 138
479843 14
479874 179
479907 238
480109 68
480121 22
480133 151
480167 148
480518 85
480535 52
480566 104
480612 265
480724 35
480868 582
481086 88
481263 22
481353 91
481557 30
481774 152
481946 10
482106 186
482215 13
482264 46
482518 480
482583 245
483090 332
483202 31
483259 237
483596 28
483845 173
484220 20
484234 863
484325 204
484445 145
484705 139
484965 295
485163 356
485289 259
485448 110
485467 208
485502 139
485626 132
485747 30
485979 399
486164 54
486284 76
486335 55
486413 392
486753 99
486997 94
487027 483
487147 207
487180 276
487214 129
487397 300
487452 713
487521 211
487621 38
488067 151
488575 36
488603 74
488903 438
488913 392
488919 449
488942 113
488961 98
489032 109
489347 99
489416 276
489460 45
489664 558
489722 80
489851 391
489970 330
490101 511
490282 202
490392 13
490619 29
490691 264
490836 270
491021 15
491070 328
491152 77
491432 70
491652 332
491713 660
491786 228
491794 146
491800 543
491832 387
491837 133
491915 737
491929 398
492373 386
492430 192
492486 316
492633 33
492897 523
492983 63
493005 219
493009 50
493174 50
493194 86
493451 439
493792 555
493942 548
493948 415
494013 422
494076 279
494303 165
494591 384
494649 240
494714 186
494788 472
494956 43
495217 152
495388 902
495913 454
496162 229
496295 530
496401 42
496514 46
496532 79
496709 404
496931 121
496965 23
497178 49
497319 50
497344 57
497440 132
497565 59
497742 123
498277 112
498278 93
498466 226
498559 21
498604 1080
498950 91
499355 94
499513 357
499587 537
499591 106
499949 64
500049 253
500119 363
500141 316
500324 338
500345 264
500349 682
500396 37
500437 39
500441 563
500582 653
500717 28
500869 196
501080 63
501187 164
501729 435
501775 210
502131 33
502320 193
502460 93
502479 465
502613 195
502734 753
503011 67
503492 63
503572 242
503615 137
503765 530
504003 734
504182 118
504472 667
505226 46
505802 142
505842 87
505987 82
506016 184
506036 240
506121 72
506140 13
506142 168
506379 52
506483 394
506848 124
506968 406
506982 82
507288 30
507469 59
507535 187
507645 169
507711 92
507932 440
508103 144
508184 150
508205 113
508230 109
508393 32
508614 360
508732 475
508906 852
509169 108
509239 40
509366 73
509528 909
509605 400
509655 26
509784 115
509865 367
509962 65
509989 149
509998 227
510030 68
510076 97
510194 129
510226 303
510271 79
510358 49
510472 20
510643 20
510700 69
510713 32
510861 449
510866 109
511101 32
511129 48
511274 78
511523 23
511687 85
511742 101
511780 57
511949 187
512214 182
512300 218
512577 32
512640 111
512662 344
512758 210
512820 378
512835 64
512895 69
512912 19
513248 62
513335 1202
513557 33
513697 110
513914 12
513948 602
514195 204
514702 80
514990 69
515398 815
515416 23
515475 541
515521 365
516048 476
516397 466
517085 205
517197 28
517312 313
517957 74
517997 45
518101 119
518213 88
518854 147
519499 232
519587 490
519751 250
519882 141
520195 115
520252 63
520397 193
520407 92
520590 62
520691 509
520997 503
521098 57
521503 995
521590 75
521598 62
522142 145
522167 187
522198 596
522273 440
522333 184
522348 513
522410 344
522433 214
522510 191
522651 121
522727 45
523052 46
523282 118
523369 1106
523433 206
523546 302
523873 16
523892 255
523921 291
524048 44
524049 670
524051 21
524233 494
524294 72
524330 110
524529 311
524688 125
524953 24
524988 44
525337 511
525422 454
525436 94
525532 381
525562 242
525815 50
526272 165
526409 159
526413 53
526559 59
526583 108
526682 44
526794 119
527073 40
527473 12
528119 392
528123 93
528182 108
528244 141
528299 76
528347 23
528410 93
528731 154
528759 47
528784 79
528810 576
529053 126
529091 146
529192 83
529317 24
529327 486
529406 117
529469 551
529574 41
529687 86
529702 659
529742 221
529752 23
530264 235
530325 49
530449 116
530489 89
530789 156
531330 55
531346 52
531570 207
531625 483
531969 92
532137 387
532265 286
532375 1399
532581 199
532732 44
532893 101
532923 7
533035 235
533041 31
533402 281
533443 200
533459 1662
533686 232
533754 143
533766 670
533793 25
533891 54
533900 181
534247 1192
534277 141
534454 250
534568 127
534620 21
535259 194
535264 498
535400 242
535431 559
535473 17
535550 412
535586 692
535887 75
535950 42
536022 238
536255 496
536257 21
536572 161
536573 239
537052 289
537246 193
537332 184
537413 807
537574 259
537848 216
537907 501
537936 148
537946 432
538005 163
538310 350
538530 203
538552 28
538607 93
538847 312
538986 212
539101 178
539283 204
539338 53
539534 151
539578 289
539670 631
539764 38
539855 52
539889 167
540071 138
540196 394
540488 59
540492 165
540943 337
541174 27
541265 241
541422 83
541438 277
541489 1554
541507 106
541918 29
541923 308
541937 376
542105 82
542261 240
542376 121
542387 191
542481 432
542601 8
542706 713
542820 302
542907 177
543160 82
543595 225
543685 61
543826 276
543848 808
544248 14
544444 187
544904 109
544935 122
545459 62
545479 113
545802 293
545962 38
545967 11
546116 405
546121 42
546292 238
546329 327
546715 1101
547029 438
547036 512
547210 146
547334 42
547477 505
547586 559
547882 279
547984 98
548013 187
548132 92
548145 554
548190 44
548391 174
548642 149
548698 35
548892 258
548914 259
549277 199
549619 43
549723 14
549824 73
550012 443
550021 97
550221 154
550307 50
550337 574
550346 51
550499 84
550953 712
551046 103
551047 171
551219 32
551228 164
551405 330
551505 177
551639 480
551728 22
551742 39
551827 585
551885 38
551899 122
551933 154
551943 94
551989 350
551991 22
552103 118
552302 144
552892 121
552922 73
552942 719
553129 248
553217 101
553330 213
553442 81
553814 185
553842 73
554093 148
554122 257
554355 63
554371 50
554478 582
554539 572
555380 60
555724 40
555815 147
556019 198
556026 99
556428 150
556525 100
556655 583
556813 582
556942 11
557314 1061
557355 492
557529 181
557572 24
557697 66
557986 103
558029 352
558117 524
558272 419
558372 198
558719 327
558843 23
558909 70
559286 158
560048 1069
560178 31
560249 839
560333 350
560416 31
560828 30
561268 181
561422 137
561533 403
561592 66
561596 282
561682 245
561952 66
561991 697
562405 36
562449 54
562718 414
562989 136
563451 235
563725 10
563864 51
563871 26
563881 100
564215 828
564454 311
564498 297
564866 111
565010 90
565067 56
565080 73
565370 382
565491 156
565586 354
565616 27
565726 455
565793 327
566153 32
566773 42
566826 78
566881 78
567054 370
567081 335
567168 163
567795 8
567819 41
567821 55
567846 1117
567859 295
567931 165
568156 95
568693 363
568695 2
568721 392
569008 109
569160 305
569431 1560
569619 82
569870 50
570314 56
570399 43
570511 20
570513 150
570575 27
570614 519
570621 68
570914 29
571132 154
571138 172
571260 128
571568 319
571585 192
571636 72
571851 29
571912 36
571922 21
571972 95
572004 67
572367 190
572463 56
572594 226
573333 110
573847 627
574211 506
574246 17
574285 797
574326 235
575046 425
575076 404
575324 286
575364 59
575422 64
575434 494
575512 284
575897 44
576117 541
576378 7
576722 725
576782 90
576787 20
576855 339
576875 190
577023 82
577233 1376
577281 35
577462 798
577776 77
577838 78
578226 270
578237 196
578299 550
578565 146
578649 109
578762 89
578878 45
579053 789
579199 15
579319 2
579409 259
579490 177
579638 567
579684 75
579724 456
579794 92
580016 201
580093 137
580187 185
580253 391
580300 401
580309 543
580711 261
580799 18
580958 65
580996 709
581312 364
581382 259
581432 130
581726 342
581813 18
582153 273
582297 48
582307 233
582318 57
582680 117
582711 20
583133 424
583517 142
583567 218
583672 105
583673 157
584002 92
584091 356
584409 96
584577 355
585298 190
585424 686
585626 324
585702 362
585765 230
585804 714
585819 31
585851 47
586020 48
586155 104
586379 185
586538 31
586836 241
586884 230
587555 47
587606 658
587740 740
587872 263
588019 243
588146 54
588532 705
588742 12
588773 999
588799 512
588871 111
588977 249
589181 27
589543 16
589665 70
589849 114
589928 59
589971 139
589980 384
590414 528
590473 741
590506 295
590544 275
590589 36
590603 44
590824 500
591323 87
591768 72
591790 256
591796 581
591797 152
592388 79
592664 738
592683 89
592893 656
592988 59
593071 196
593498 64
593904 53
593946 139
594046 13
594198 143
594285 124
594565 301
594732 121
595207 128
595356 85
595524 626
595569 207
595812 62
595932 67
596460 133
596496 317
596742 220
597166 295
597250 36
597375 175
597465 346
597631 194
598139 189
598159 191
598397 98
598597 48
598610 91
598855 559
599022 59
599638 43
599759 9
600756 307
600775 13
601168 100
601171 181
601277 160
601459 199
601838 293
601945 102
602207 200
602240 85
602336 219
602502 82
602557 699
602689 121
602995 364
603301 309
603483 298
603628 142
603674 42
604164 73
604229 89
604280 296
604425 66
604898 103
605047 302
605077 87
605179 62
605356 477
605545 222
605564 34
605575 290
606323 3
606461 39
606508 45
606718 59
607021 108
607625 136
607719 85
607971 139
607998 74
608041 57
608227 204
608746 156
609206 19
609235 34
610162 70
610483 29
610534 143
610605 455
610657 1154
610995 146
611064 368
611461 480
611466 233
611667 265
611838 34
612077 156
612085 84
612111 109
612176 93
612196 679
613461 941
613701 435
613922 408
613937 15
613968 104
614170 148
614292 215
614324 26
614915 113
615653 86
615807 8
615831 48
615921 59
616054 16
616178 536
616480 118
616512 36
617033 26
617220 180
617284 71
617654 88
618425 106
618435 75
618645 66
618735 116
618853 448
619027 149
619537 87
619684 95
619774 123
619880 20
620057 148
620484 9
620606 243
620621 28
620826 40
621120 123
621224 57
621311 693
621461 123
621481 621
621743 330
621777 11
622084 237
622322 437
622448 241
622711 918
623067 95
623509 272
623720 266
623813 199
623912 270
623969 536
624050 454
624057 319
624087 329
624249 227
624342 270
624386 30
624465 97
624748 300
624827 210
625014 209
625371 232
625378 326
625484 93
625959 586
626093 116
626559 93
626705 238
626770 206
627335 64
627489 134
628022 207
628073 164
628251 414
628262 175
628303 97
628453 176
628591 251
628872 88
629067 335
629068 414
629179 199
629354 227
629473 18
629770 543
630295 73
630359 278
630387 29
630417 142
630689 228
631149 130
631661 129
632286 26
632357 134
632837 77
632851 54
632867 208
632929 93
632930 138
632939 34
633217 38
633583 127
633607 110
633739 568
633914 17
633948 44
634174 157
634255 1038
634422 303
634506 82
634625 54
634858 25
635041 290
635226 140
635257 122
635811 87
636069 2198
636126 41
636197 12
636218 252
636273 30
636440 357
636461 568
636640 61
636679 17
636768 885
637017 138
637071 29
637401 66
637477 141
637595 146
638386 144
638418 215
638531 80
638627 48
638870 710
638901 128
638970 62
640218 275
640258 558
640268 125
640757 152
640985 105
641064 17
641452 39
641501 387
641664 269
641667 101
641698 223
641712 101
641729 424
641788 178
641953 94
642103 113
642197 196
642294 69
642419 7
642490 137
642681 589
642902 392
642999 82
643018 303
643468 40
643477 314
643606 340
643877 6
644160 123
644362 57
644413 66
644484 9
644720 87
644812 65
644988 221
645200 387
645290 148
645373 62
646017 77
646152 256
646178 22
646230 138
646244 56
646458 62
647141 85
647172 46
647516 211
647658 896
647765 38
648069 176
648084 181
648178 390
648281 271
648329 451
648534 135
648693 57
648846 264
648874 25
649114 138
649344 344
649878 154
649908 35
650071 137
650136 120
650641 364
650726 146
650735 190
650803 36
651036 369
651185 353
651195 746
651231 44
651316 1006
651399 144
651479 116
651777 135
652012 87
652046 771
652437 56
652682 75
652968 115
653205 93
653625 22
654389 451
654555 167
654730 514
654765 65
654854 217
655963 126
656416 8
656628 243
656812 1532
657173 194
657181 61
657485 27
657539 52
657570 359
657833 136
658096 516
658284 194
658467 39
658870 349
659083 74
659148 193
659392 117
659411 173
659412 67
659448 651
659528 5
659551 141
659798 124
660319 503
660486 41
660784 120
660786 169
661130 184
661285 204
661312 149
661638 147
661820 385
662075 45
662620 292
662679 226
663198 140
663460 40
663495 365
663733 31
663887 293
664150 9
664220 86
664287 190
664488 488
664714 184
664982 35
665130 153
665750 399
666345 40
666359 135
666877 98
667143 266
667260 236
667285 33
667329 587
668178 94
668631 56
668745 55
668792 174
668835 313
669031 349
669142 36
669226 40
669246 161
669293 40
669413 1392
669580 159
669904 357
670038 9
670110 197
670201 14
670557 493
670583 84
670768 744
670904 87
671016 486
671017 132
671073 62
671458 38
671531 253
671583 545
671588 93
671786 254
672009 74
672207 220
672232 113
672327 219
672350 50
673616 575
673835 768
673927 103
674006 21
674081 37
674128 48
674387 420
674488 156
675038 63
675699 18
676022 485
676358 170
676482 181
676501 27
676581 74
677061 79
677088 17
677334 172
678025 621
679131 220
679763 17
679944 354
680638 105
680768 39
680958 413
681024 72
681176 923
681237 336
681274 54
681452 57
681477 281
681803 90
681992 111
682112 28
682229 59
682373 356
682620 200
682728 440
682754 25
682967 25
683083 62
683536 241
684041 14
684157 447
684190 108
684284 85
684529 46
684592 106
685369 224
685440 171
685525 144
685806 367
685893 138
685929 277
686147 524
686172 176
686215 45
686421 83
686999 235
687746 130
687921 37
687934 162
687943 53
687954 131
688308 180
688381 347
688385 859
688444 133
688542 43
688628 43
688651 236
689322 110
689688 525
689737 164
689936 896
690141 113
690322 48
690483 82
690771 285
690800 26
690857 29
691033 343
691053 228
691089 532
691212 440
691621 105
691629 33
692074 164
692085 215
692170 143
692206 96
692640 422
692962 22
693026 477
693175 19
693418 96
693462 156
693658 33
693703 490
693774 426
693806 105
694121 47
694192 557
694212 81
694418 29
694564 131
694630 231
694712 445
695054 81
695313 44
695320 226
695443 50
696074 158
696169 66
696205 56
696270 87
696400 321
696602 49
696673 502
696958 141
697233 78
697354 1127
697411 280
697714 35
697730 136
697905 672
697928 408
698336 55
698364 29
698397 121
698866 267
698905 85
699214 246
699537 48
699623 436
699966 75
