46.28419299309627	73.9778643284848	110.12034107213276	7.415486544526852
100.61628289349683	127.67563358091627	119.71706590805881	4.984263086204335
177.14626475273604	138.7311254741609	23.66287061369278	8.672963533464994
143.2010102028173	135.62205431971879	102.82163820499161	4.068353134332467
148.68969642653929	73.62581644612173	117.0971918331012	7.015722326131121
66.5401501776377	82.28508867018255	43.44724912181927	7.772801492730093
108.7939586969579	121.60537500406618	56.00579448957825	4.838309785646986
111.64074047041942	52.396289279819996	141.92025381637757	12.257735209818083
43.03982239725924	87.34437579109724	173.1943279171866	7.122031265297041
111.36675040896084	38.0795150776634	34.88906309710732	6.8071239538987705
170.83754980815078	46.52899288491716	99.7853589766914	4.889437475925938
104.04149228005937	45.7714590392621	146.41034081535122	4.285991274214484
139.68367180250044	52.864945209281885	80.55094874304886	5.490439349987737
139.21849301584152	66.86628634350632	185.8390214895523	4.927674924714361
98.9728343570895	46.739299103866514	116.59904827888064	7.905766897758532
59.08730619060492	157.14553989847101	146.93886600747248	6.777130130007844
47.863149904503295	33.38908013089801	37.59271765558014	13.136429597709252
37.257445101773826	174.5308290663718	64.34789914777117	6.537653516002758
101.88003218404353	152.41790946823033	96.65302855692546	7.359154874113929
88.4918363082041	130.66915856047325	59.7023854970957	7.188681213924337
175.42859244661528	68.3219038885203	108.15110803451776	4.1828930548911405
94.77080503765053	171.04539899015424	133.29510897757376	6.837992509125909
31.076293731797026	156.51101176557	59.27703755560439	7.144532219979821
51.17809447775448	162.4511811304388	130.97244099794943	5.966269394041445
77.06372476666866	53.38307866484339	93.74509926165001	5.006653116970058
59.513926232885254	82.10202669655571	34.60882341060068	3.792148382238066
112.10146979469343	108.79410685917085	113.15689633231408	9.60034316184162
178.1512279640055	164.29315595782924	89.89230953953894	7.344712033200343
40.65406611479512	48.95678316081195	100.41763363834558	9.660444504649794
123.07149712075129	109.63547987445666	165.56245354119113	4.026443294773753
78.70310179185218	77.671068525219	116.25188992427209	4.311055035917883
83.92725974925254	74.40988993697673	159.0355448710345	3.746748299360962
80.77087144869309	97.25275405141987	72.16248075562451	5.453155704566429
82.44905708008578	161.65426189485942	27.051860254967142	10.956798885126513
96.99225609446034	182.60721361210904	40.697079946248685	7.70453135979656
81.72751645487432	36.36578382337569	46.97332087167061	5.410581373343444
174.5357550615158	24.4132335915303	64.96172786813779	6.650445147932031
75.8655781805996	126.38890143554228	124.74218249821726	6.284788911123403
139.34043672518408	151.0872494514505	23.415930200337172	7.598777095730115
95.8634192983942	173.41115220181567	37.55878412413889	7.715872371632297
152.6900125004133	78.69851547502576	174.62391709667543	5.526114766939715
159.82658277936596	126.24705586804164	61.3906705862156	7.393397480889391
20.727702876157196	148.21859588865766	188.06552137196647	7.961010068100979
136.98568373403066	72.90306118904613	78.95202208766159	8.421622974141627
156.60830221152233	112.3105600336215	22.82255350791044	6.902801711194492
133.64930210478948	143.24890846377943	113.35615150970105	10.531209590570453
119.87912226216143	75.46632085871438	106.18452109735425	9.473984373209234
116.72037625369754	112.8871791589774	22.873070917766647	5.008636651308008
154.53321050902574	63.785073775633414	30.688368468687322	6.3823827054930895
32.523032125192145	96.38904663574462	130.8041192924921	6.884837322445865
124.0194936149164	27.76532048926587	97.80147622966483	10.916225401784041
175.04219046977695	123.10982716934132	79.80039740413216	14.83038667265489
134.28623374297518	177.0756410490512	183.38282292253606	6.095619471162982
174.72083906295765	126.07546330618536	179.5548493417628	7.146258158383759
181.64799261983666	48.327658157768674	67.99848614642077	3.890566754741248
41.85000629312264	58.363334997613094	178.40679298758252	6.779292637281246
87.7489937139083	87.07020023458163	103.54916865533988	7.938595778235419
56.42419695582258	172.51875061585756	127.58350357511206	4.307638359893082
106.03078709026157	121.98142711939822	143.12763717683592	5.8842282603636775
40.61710520454251	148.93086889451976	126.40315994673172	5.62339031289449
58.08762071452768	126.21442607048553	49.70615819512906	7.058227645293855
38.75286646830396	180.04731354935865	28.014005220727668	4.154772428838839
120.44502741866896	53.47690065271979	85.27331549505331	5.130370287276431
162.8887599764671	56.94666164782297	186.63560616981323	7.3766944138904496
171.1616377196318	169.7538145039644	78.26475352586179	7.3853825380483995
131.9497571021347	48.75890899315073	118.40681256322944	7.362326755205908
115.48854625143812	109.93608722155216	55.0007600389774	5.926680255426113
71.84348939674898	89.83478738776125	171.57913701780805	4.277005322409703
29.40414113320035	175.61873247074675	89.26562970932159	3.862551556548193
128.34711079404778	172.84169574823497	94.60943402142176	12.692221160392537
56.36331335734454	63.787135825646615	156.71700447945057	6.738192574072702
188.50656019517075	158.18942133265057	128.92121801985022	8.90223310797947
116.42930786207313	104.1373732944373	68.26532348501536	11.79620220527534
70.60712207953172	136.87858894047434	179.70712427396518	3.958035312193255
93.42129191635634	100.34922590537504	17.65982895803542	5.932561531605268
167.59683141078105	149.29663084373132	179.79403080652074	5.9447202931863465
65.4050740463598	81.89416979697371	42.21403694729713	9.014306457909779
30.26689893540989	12.531372487065266	172.79470922138577	4.329407541718972
112.00392363048566	81.77860270962802	86.09775216935043	7.650571759163535
187.76752201213034	125.95240362625731	81.25570050551518	7.715376176806891
51.922912189223126	115.02154602719264	65.86990861233424	6.16692708799338
124.67164312911856	55.00375690169526	174.68780556642957	3.864510566903694
107.84613345202695	17.383791721275358	150.74644213471404	4.052336042601655
113.61775950203298	84.37595967821717	132.92165224347818	6.9595442374550265
134.75280127057445	181.83167784064494	53.33833860446053	6.035434310562508
83.85267543418148	172.7070155920709	146.14132758525116	9.102250486571357
8.643624536439457	96.09749740583915	13.247369174495711	5.371620480303394
48.69555869066423	42.848281707556005	136.18608131880296	4.01434494262522
183.91369739271514	105.46474915630347	181.42854182068407	5.337599567081905
35.03304087991042	72.01562076603102	184.4493440840687	7.892703236791661
66.34980520682237	177.45409301954948	100.68950237398069	8.784053100373669
178.7268358751887	16.993715590544674	154.1599734288486	5.637713841927262
127.46877724992032	178.3954206791147	23.31911722421651	4.100306433449404
184.55535466989326	103.97564600978929	51.19603967153532	8.344778789439296
51.61314809260626	81.80510566458125	57.258336868479326	4.76495150073614
22.480221752002162	180.6587324497088	147.36352465949716	7.650261449132759
163.69131931604923	145.65885584156538	119.84011878165788	6.811848430051759
166.36922694990884	191.29179698337163	131.43610006352327	8.140802366836436
146.46577817675498	48.835594094570794	86.55429605022582	5.44986615124335
76.95587099093845	33.119227789053035	25.053267026511367	5.3942060527911115
147.99070856440161	20.81709041214885	97.71242616051762	4.482585425208264
57.32413475781596	20.617671500063697	165.18406892971257	6.390138672332723
127.14746790288162	37.08259194649084	154.21547787620347	5.917696082378681
49.855047667881124	20.794790192099516	187.0408534967785	8.188571014488542
183.86593470659838	174.5238770316288	42.68326877060985	9.370879115556317
129.23980122671583	128.91392138084476	138.6222378674193	9.042730019798954
64.04222475409757	157.03953268516773	185.22422125513745	6.287899070922637
135.28573646403694	163.11975478901223	132.95864689543774	6.525609366003042
17.787219358505425	73.77539710068731	174.83829341257052	4.187103085642832
167.33120671378208	38.336241106285094	146.24250310428974	4.044606368233064
174.32459967647105	80.67806216912209	63.23326165547032	12.473644088069385
169.43035193812509	89.64549405406723	127.00133433333227	7.6902562202351845
126.58043545663715	106.70754175863438	129.9027071069141	7.350952614680368
96.78282424796659	99.07091334896725	166.63088576467803	10.995318260005272
169.61404848467487	101.23663410365612	44.78109512083009	5.024185333938808
42.84505339194719	59.81054167172407	54.74578801341768	6.875569303968591
151.3010892880147	22.11001940310375	30.7915644504727	9.644992224177965
69.52226256244587	62.370018335693885	28.25113086737527	5.368813050572172
112.43752950740671	147.40170277257502	152.819892991381	6.106504032361556
67.92683302757429	22.579172878402762	134.49483231469284	3.6921767209035483
101.44585408888877	72.60676947601159	181.12665277394615	4.787256660009199
71.44635650171693	108.03839918819193	40.20769437783039	6.6389027766852635
165.42122815069487	181.21282357471213	144.94800214093132	6.6838463751670965
49.721398049201035	48.30542377272967	192.27722802447215	6.737392212273713
167.6250404596713	87.16291565787007	44.51159473330757	7.396946887060285
136.32813216871324	160.20372557437443	72.96671855508988	6.0369534305215815
153.49895407952135	63.59189680008739	70.92062251500437	3.9151068503983693
46.75415299914146	161.62793064400776	175.685506478352	7.206648005130648
120.71545087946673	98.74096094426042	166.1564767394684	11.29070045470671
54.00388365552097	30.543340929874482	11.612647867696591	5.000133386608901
153.7441808622967	165.47677534427743	53.65996538049467	6.866878678578109
88.54337668650041	172.88607135358566	140.2346416038307	8.251154352211088
117.34923036945763	113.92101285842537	97.44226369757581	9.90659199249094
21.398511743675783	25.46885137932851	173.0117614219688	6.033594087836647
100.08802343177507	60.08935028644427	99.26818080438986	4.824079946626398
138.06178354713862	91.64604197701165	81.30395564811528	6.092626587851604
89.40287091460463	26.882090040959184	31.73518106542129	4.743352402894809
129.95591488220376	124.88931385777636	164.4836370620742	7.503462574512321
147.7375333269026	47.72823632764887	173.3763357552658	9.583401984378458
71.37625307758736	127.04175817948385	123.03420547511418	6.751499627422678
91.02793480550791	117.66771276575349	109.32245991280233	5.332285613494985
29.787581060209927	178.9014981901654	82.9240351053261	5.996534928203378
59.768827786173205	140.876757414843	164.5441868570038	4.4752249520243215
45.92920854083909	28.72082865363573	122.32635329573024	4.0909934848632385
101.84473709555598	47.600803222729255	115.74394224450545	6.426751246762604
146.07144051943462	44.52171337663739	172.37125639484512	7.001656437350178
39.71398826798594	26.346185691915423	163.7986360206923	4.894385874175971
138.11441461653527	150.0191717397697	172.39120858723126	7.976379061339877
179.50137726813463	62.84035670950843	96.5325559226622	5.538331976018005
27.384580595038653	155.64031087993033	148.59275348105027	5.642874032696285
37.00590251192771	136.2630653034796	182.21840091420498	6.051231457540208
112.63554616615838	137.90719263436645	190.05342550618826	5.665741461996854
56.53003814997864	188.518114301808	158.81806950126153	11.172861908241567
98.20161088920848	52.30796502892884	61.7989404119355	12.361229053663944
17.6174419886174	159.6798670973466	87.92222690377642	6.528812732458779
91.03167052859598	112.69589002165587	31.048447400646985	6.987104054603536
63.38242536578201	94.47230637725787	77.85101773308777	4.618993245239908
17.186522086552134	51.47627768140249	54.28574315531391	8.992069541630064
22.588119380602826	124.81319211752255	103.30449401797492	4.196857145042499
119.57103117831781	71.4761093769209	15.034254204607832	5.4334035781891465
179.57376335088895	100.87598875906376	29.634547177809125	8.503215447447058
140.64678578638672	144.17438664141852	89.49158759783424	5.525117727523555
130.71442005595654	51.74756359330125	91.54554055004621	3.770235388909737
156.32911770669492	44.99624267757092	135.50647133658418	3.961152386739183
186.14231567906646	110.30128496661494	88.71470682123338	12.043235775417925
151.5570297125903	16.25400144344933	188.14373581770462	4.0930539021671075
84.18533412737972	135.6643354314782	87.834779148455	6.043000042476666
88.080229700669	22.78959368235351	88.41634359187616	9.97408579248427
78.44747565610494	158.24358612441026	95.98693519312697	6.279540086115887
177.60400840388942	76.807124953447	123.47480274025416	6.3429936245204885
50.876275463294455	140.20053371097316	102.32046149233322	4.423629237276053
165.4497577611121	182.7386235816858	82.89334139187521	6.401029630972136
108.15706410916461	67.93644633237973	78.54094028101815	5.015383854524304
134.62408418559428	119.1693758370651	86.60630829194075	7.251375800086018
53.51563698867913	13.319804335318228	137.63884173087268	5.3764154156842014
129.1467214131172	119.26681532172891	62.68533790768226	5.8574570847729115
112.30691618481701	194.7494418091401	101.91601891471267	4.093846296073986
35.998862214969215	164.03007894816582	155.45918752859546	4.109530196505244
141.6235669757391	119.45273761899303	101.18498250972486	4.81870570718959
25.443827418461783	127.09276691604373	100.75541676034588	7.182963017917656
38.13300692747119	138.55293405666794	132.43410834370115	5.4767535635784625
168.11013575011765	154.19788889627142	147.73609571987927	12.55906651655401
194.6913535144669	98.25151128086547	162.28735508651135	4.976312613765486
164.14982794355527	117.89579082133932	47.66189995308239	4.814448578708809
168.94343888926872	93.88265009661843	100.28803606769465	7.965622686845659
26.72408898685229	29.375280443778756	152.42735569795147	4.072972334450585
64.21757892615601	143.73822445281692	98.20175753404598	6.006618810208302
112.77873022784392	13.832017109141184	168.94276355514407	7.010090535634711
163.3756505014007	30.887977286812585	116.1415449641362	3.8600907812195873
18.197531556095665	79.6085921239451	94.54582997046374	6.060512223835103
153.73569500253865	177.938546119712	40.05080769975614	5.860629534451855
75.17328168875672	168.4600668248426	122.7842573696138	9.368732751625036
178.84769076055437	22.81391661193533	109.6778678832679	4.950507157368023
63.837312592757655	143.5480476035278	31.031863888969255	4.16616888027232
95.34288646914929	137.7078531909859	149.00437242537575	5.719347100592448
89.0223928778204	123.43615231699883	182.18334488140263	5.702876321275278
16.663435780228603	55.32075460710237	180.76106360502303	5.380608847368551
128.04067364656063	41.24131383485983	87.32943902095423	4.96975406389807
81.32759499780069	45.673385003754404	89.22571759995151	4.318920505889965
179.15049705300294	160.25272398663213	187.45665127488024	6.737644344999998
160.29197935120712	15.15101013151261	139.74058577847666	4.90518426679917
179.920555498926	127.82273200382939	134.65269006767787	8.254105239741072
139.42705603650543	184.58914035118787	151.1629440697124	7.188334920630044
168.41653068309	65.44246604348544	151.6377975231782	7.8996101702649675
63.07704157913107	67.10138186822094	66.9612381723436	7.705247240724257
37.012649378846525	94.10495443070963	189.92087611584157	3.7817650528226485
33.11107057908816	121.87846946698055	164.57064132805812	5.125324375083625
145.3574524679016	98.61815429380744	68.90232166750518	4.980969199490063
162.32072545933153	154.42069689612126	10.898172320514545	3.6767131376482887
104.12554532831531	149.278893947634	28.65525549982426	6.659089687961266
164.7826620636463	60.0508174968296	83.7588542412458	3.917517337648214
77.59959738789173	175.62920128032258	86.43273859780419	6.750876220358094
32.847372561948966	113.90854599798006	76.10235464481374	7.780703484323112
151.20169169850286	130.65425168049214	88.94666924957347	6.173227304137546
34.65313448410438	125.65125075078039	124.2659230327196	5.895551976749871
67.54570589677499	8.238239740830734	127.75274386553232	4.89198079530118
111.81370263380607	142.42671652320197	103.62251389217394	4.380311983988857
67.07105781546484	158.05902777617348	23.237212493051913	4.842581043644741
75.79033931180642	116.08096519410735	99.52988002606226	6.776353343960256
169.41493258159986	17.615665311655373	39.03596887131891	6.496695381582649
40.14810120330658	48.975166971121915	26.43553852211458	10.083878852102462
139.10755448145528	175.3609447574905	16.831749750217075	4.014222149553574
27.150755848175955	98.19358074989333	92.60460868562065	6.108704257106895
56.95686812620915	178.98873312082338	23.85685516618604	5.63143298384694
80.57492958127264	21.557894028156213	47.64423554141735	3.8267043180654494
134.77088196897057	166.36105302855592	35.798325779542814	4.898460416746239
23.726484145949467	100.00576386128151	41.731744799793596	3.995890051925701
45.07903905437474	139.20619828845795	80.62841689661946	4.296448697018848
62.87004195623151	76.63872354114548	84.78119743826004	5.937487484613735
191.06616470486287	68.77382309258493	84.75136677976425	4.669089670335254
187.38242195916357	98.12258364025011	172.85896976344844	4.018271071341397
55.46674441849616	115.48710150519877	168.15520477922675	4.245023821678091
189.83233508629164	191.40218656059062	138.54037321419497	4.6870613956011615
189.19049737536963	76.8332580521496	31.279324040410895	7.149846495391845
69.28277601234525	79.58637519013575	143.87278441792535	7.12869775814282
55.365083387061354	103.12070561958019	26.51579925293288	5.737232082580344
52.868001139787516	91.29683361725742	161.6886604276054	4.303016358682552
176.61594319518477	122.10106439407232	119.79939614257195	8.212636165127599
185.52480753366322	142.4715448285385	112.86189522200858	6.486423243793577
66.59272962824028	195.25736148536268	34.59662940558287	3.905437476310043
22.33099175124738	40.35400731386585	147.87749743399104	5.805322714964919
23.229582108985873	53.193874180440034	134.52088723796237	6.3892482831800805
24.718583397817678	70.0760501085987	70.91496770504381	6.339663667715932
178.7353755420063	38.952663419365116	24.462714989107575	5.453021382473622
143.66703930974583	160.17563568687467	18.04098963462655	7.371211466112335
45.958398571677805	26.39317561231007	142.9383710942754	6.849219839922588
122.21419596925176	72.6723708058027	71.04115851718888	5.022046095736982
184.08539956145663	80.56629688907003	67.04962653062012	4.05055293493816
150.2574606354441	106.37582470125615	104.26570857782538	7.157349812318027
185.60278116555	146.82220205741868	96.4200868496958	5.911654799273324
83.58481150517736	30.529972738027897	138.85151517042942	6.0266618719474465
120.47300003144649	148.9798794144586	173.50684954761041	7.6096959657768775
133.08289579392346	40.94279715984002	179.2953811269626	5.426083014627379
71.43829753535715	164.2598035902005	23.143195357654125	6.565272773473275
159.70164295182423	116.42897348376889	60.091040895531904	3.966612467187855
82.00914595391467	70.14951577723718	131.07480276968997	7.679731383775474
23.866822609800913	43.10127923022476	193.648055952779	4.055064929258431
126.6722758319574	70.37058690265259	141.7398188622841	4.029847675403087
72.386402542617	91.55642583801432	171.41729297580028	5.046476603329701
181.3319046053394	52.73215427722994	137.99692174541892	7.617103536123265
130.82472678406307	29.431825974720617	84.05510176183871	7.011090362346015
56.812284946511646	182.98616013243515	181.43386363780246	6.399911051603352
53.834398100699595	102.12192645242726	117.15160234131942	5.615798631814441
180.51283620714847	131.03699063426842	190.0725268623842	5.933897806568259
60.77762434090275	163.30706377760927	112.85777308523305	6.247422777209097
68.35720716214412	185.14873827859824	71.2132807727125	6.419869554012861
21.086283529099294	31.334157283780183	102.07211536252794	4.194848134984987
24.417882051673473	72.28156747078725	116.19672966196147	4.949258465210356
160.2014004560913	146.60187706790808	88.12073952130105	6.234731134487442
103.80571374760824	127.39737154376313	121.60264485537188	6.717696194020984
164.07799223387923	84.55260444875279	160.03696246277835	6.551349379462273
74.92284971140141	51.5069252949886	14.713988956324544	3.883651051013465
152.12812541729193	45.085177125397834	61.932147437668675	5.54885427771771
156.72947485737117	58.900915571634975	57.54393704880541	6.558825371829265
141.86264352589615	65.06667479534266	146.6087375130324	5.640388053091547
74.91566305640256	27.628385536944993	115.77510235386178	3.889590652767867
168.2495181726287	86.69078995698209	80.9063279756841	5.470933487405321
95.39953759638824	87.96839076225255	91.52193993976941	5.844402531670309
140.77642586872415	85.2560731164866	158.16370404491454	10.103436483180818
119.35125838439079	189.47516044992994	165.77337682807905	4.322941524516592
99.51792016976654	30.363510648841213	167.4365599507653	6.431344579614217
23.349139195630386	181.07345194447277	180.39162188536582	6.256551302205793
127.9532699286933	136.6011515609237	177.7217169330828	4.806980127000223
83.99933683452257	45.43291821924143	122.66596880313082	5.00633882984472
45.89695583995942	99.08909549647083	153.01654603945929	5.3972255720514575
21.139324828584993	37.88173645876369	117.40959198400579	4.206266833592878
29.796939423316392	51.97514122039261	76.25572757891716	5.049441077119209
141.34350305982215	134.44062925266047	80.03073251862958	4.864814306974418
66.19522021745023	154.96233062474855	71.88728780778628	4.827478716936368
56.94071761111453	93.47090828686599	63.99091514370031	5.5371359826424875
159.62704875450632	107.36524666029975	61.18855114213499	5.297572768123664
170.7766145797971	159.87137190769272	102.05489916484248	6.030265076633189
156.45018386190353	174.92245435725906	112.71334940897613	6.133680665659687
114.41168631783718	106.64164379717016	186.62978324033168	8.104155277202828
65.01509611020033	176.94385175251477	150.24729397851343	5.404966035192285
90.39157023424808	68.87533326445858	52.9990750612008	6.7340481204828375
62.56387138700718	155.07594638335954	96.6525330705874	4.3302422708816115
106.5001817549875	155.64085297480977	48.33788511427503	6.414157531185712
59.593218925420175	135.07988687576136	91.21475819946815	3.850551237725318
29.78457401590693	17.47417424308392	119.84177748448624	5.609172895009469
160.56581311809	138.94311363339995	171.10404636234924	4.694505600950989
18.364155983711047	120.97585196271575	55.7993912271354	7.019597246544887
30.76122751190992	45.56491505832971	159.72998088245316	5.664167582430407
82.09635244735189	157.97663013125168	186.16142075902096	3.9108971815633353
91.08515075009285	86.83920972337081	104.2444902954592	8.459504600609076
124.86644310630719	100.00333138352941	185.79250500083958	8.5206848097882
180.1615019534623	94.80407018052702	85.87540495566482	4.331284864893378
127.70908998708265	182.15393463158657	113.53525015729977	7.5158612895295125
78.80038948497203	127.73896306277261	64.40047941360983	6.618084089317838
16.63834642310573	107.18449980366809	25.66615383516628	4.588683274399111
164.97901037766712	137.80508565354435	135.49012403121577	5.273287192310258
70.67674186555746	127.931188694976	166.384961193881	4.722719549757475
188.44784581766348	32.49573700442884	65.71111628456693	6.038291740314918
61.98358856546472	172.3919442111558	93.55538926427529	3.932525559872727
37.815550064413415	194.20060120917563	89.70873186699134	5.388044979737424
168.02277043448325	113.84580184889018	15.081671876996213	4.275230770043077
184.18301863788963	123.60253176809985	42.4176961695284	8.09255024810427
161.39207113751212	138.37037724258977	102.21802610087394	5.035046715152454
171.4761927051031	74.12557951295975	96.27781400475203	6.307617377247425
141.04474495487793	94.24934333940291	125.80827491523095	4.6300582218356725
44.30223175446682	23.398151049800507	87.52025977857353	7.886756033880557
102.45003406478737	126.14791282965287	167.66200771851462	5.175830874747245
38.64894507591918	44.36568828134453	184.44564070939174	4.228988580289315
80.62779493963657	169.7961031891338	67.71572461938483	7.009291817104666
26.503011892944137	65.18349398426656	13.871955737902644	4.908554619690494
12.925844534510865	8.562452808104922	159.10593864995926	4.146622798933805
27.20585141917639	118.07176671360756	5.517835472526661	4.056421989472154
23.309738503173627	45.851768959105186	36.2718647502994	11.317162676917018
188.17487633220472	17.226079722128997	163.92412491038112	5.701426875167847
69.90145526449807	178.40367224451327	13.850336632820056	5.987015651387381
44.09965261821967	36.44741454921002	48.033107259423716	6.080773055797584
106.33327012408313	62.25739390907794	27.41871981696058	4.912925874648018
36.564619964260835	142.68526996439698	162.28323449514713	4.021819720137907
177.53279431579864	133.29944015745988	100.59893904242205	5.052839232428237
184.8901425036539	69.42800224734903	187.39852193351155	7.122734603152171
43.42287966859134	138.6237635571618	152.8869837560698	5.655747525298311
86.46311221282477	100.84668493817534	97.54307435459181	6.719468018420425
23.42870477505926	110.79141166120893	142.6412313935156	3.6776489804908215
120.69110884394176	92.52244618197503	162.54588477579833	6.715456873475707
67.73182988295251	86.85394504813297	151.76536565110624	4.114522423786978
195.03623130684488	81.58460156924201	128.47248532307708	4.984049618282676
184.57822299296376	110.12324913395273	94.74618907442283	11.710399659164011
182.42267490303888	121.9608991742916	34.26936165581547	7.19090674084689
84.23065616003765	32.41465636502468	194.59001121048652	5.798382919268054
148.39567156989395	140.43182852306532	177.85695581954658	4.11165512383127
133.098130836044	119.52799648068336	182.6391332890601	6.730320764910162
163.4001548513664	148.10097407353575	69.52925921783694	8.576743402954774
127.18168240050873	68.90006565637378	166.55792637831573	4.162893530462419
189.01152793831633	108.88729887946545	149.92727532696833	8.139972033591059
34.07136537100509	11.63080683512044	182.28728279146335	3.9107978609313445
107.68207867862056	161.43714370708832	80.0369182924788	5.657186715011756
179.22258521578937	70.32547955912965	143.48587302944006	6.18251456046498
99.58859589797825	75.25536494565851	66.68826307543688	6.888040038910767
156.4815867805475	191.25358370134535	167.52136646763466	6.983020753249078
65.19066863060829	168.68754110758863	165.70587626006483	4.996849032168068
8.064359301574699	45.83969540060398	52.45178072251127	4.41276618775786
189.66887859543442	87.41966434320858	97.00289505342597	5.995066985066939
21.194547065050713	157.8596053283609	172.92692490433615	7.635992965991967
75.96591093975522	62.845961375362336	87.54373881686442	6.778451553519771
49.516741822265544	93.73392643991073	180.72004215571906	8.053744012346858
105.41792526229364	116.45237074868965	43.961357977786996	9.403294141891507
158.32325224620337	50.18518431459201	98.69753209584492	4.778396603388879
139.45717698681716	84.87957847722227	105.57294661869958	8.141824234854186
99.24315475383702	127.27880390899725	71.35610229467541	5.161592170100144
27.181674025960255	185.4648220015441	119.4272336867726	4.27395736802854
124.59277458466372	90.15648440068966	173.07605807113163	4.964685230929616
188.05081649149557	47.64547328046749	156.84822550185606	7.054769052571781
59.61253953936976	60.79950488919478	63.455561822220375	7.708368062290086
152.40300042054704	112.28633780641529	16.840924832842163	6.443431979556367
172.33709298952508	77.3596521959603	124.5343071357801	4.488603863140018
105.18522464945633	158.32635550062287	101.54496683788234	9.707154094416868
71.4704408567929	120.05410118428716	155.9988642494771	5.5900950214679845
63.34641431068268	75.99703728746088	102.55286798152862	8.241535912995367
152.7155283531076	115.24484528198514	134.4925578834784	13.034995222843154
22.21317024232361	131.2872812801523	27.620187353516705	9.759526735144329
37.057831155001104	28.114721551450756	116.7280340134853	5.107940805809523
13.105618856523671	178.44463512753094	164.43872657264976	5.778488186240526
176.19975445128378	82.08983617331081	110.51940981832149	4.384411097558305
116.95742871132664	41.32571644503055	61.965255859993256	4.449489765309854
85.66708533087397	88.09039161972353	71.86448904509663	5.420344946594527
71.50358444088931	182.53029664217053	41.63897015015732	4.795087635180625
10.584028065288868	174.67047223312534	97.47060626967588	5.3892737564969435
188.95367085094838	47.88747593439249	189.56324639004282	6.067769482716416
114.41100719188908	51.4554933528237	59.483155988307395	4.939806172519223
89.74379730824589	36.29329268049299	43.01339138997314	5.996585189501349
62.68680992167293	40.10765890310627	176.5532361373822	4.188591855186495
116.92215759081381	175.920623852337	132.58023627160617	7.026726340938387
82.73114085160108	91.88708142026195	155.51083817812582	6.094712804303555
191.04707933383241	133.6258529370631	88.44219411250853	3.782973358221033
61.59845819258942	137.649766254591	150.99375917921725	5.938197555033961
182.22305192602013	132.65203589307876	156.42030398446335	5.150192110802111
180.78901899962625	178.43089556618892	54.17526084104869	7.024893530757795
191.6911130722419	18.280973121460075	175.99809270260613	3.97616075970967
119.09033678650246	146.95524994815722	73.86087632430687	3.726733333750838
45.64012537676727	133.66895175424114	59.11050822553815	4.012626666622968
157.00962868609886	173.22781096567553	163.2697700367375	4.061117833740335
20.466797776677627	135.7272880190681	68.78867248808349	7.007593055152491
15.680902401217212	107.4368998293987	55.98106427691804	6.753386019641498
187.26976541278182	190.09881085315052	156.4270052948373	5.15994738662622
165.37503572845884	19.918562598645032	91.9819153484594	4.167677240582053
62.7488827467176	27.429355987277198	105.40903834551611	6.857693170159749
94.41189308168214	125.09381725232761	175.94822124140254	4.936035782668155
128.01331198626903	97.90568540863467	140.54028351899984	4.0711547949104245
90.08446711436434	191.2198215339627	41.31207968442612	9.877642090580121
73.66939903397481	31.967084374336533	77.41133433169288	6.475378605537262
164.76800247900735	156.12881082183694	114.34316474078877	4.912572627657472
59.348011978825035	29.307267310619025	91.02972443595957	3.8948497733347915
134.72986625517888	74.9550701715823	156.48728031795687	6.537441271350824
131.9266571869671	188.9769655567104	30.886108776413977	5.840016038516069
158.4187799317195	71.9085623439552	32.823418606414506	4.129815900155363
122.81923531645398	191.15839708490617	68.79576318798433	3.9035696765780576
73.14844437311726	174.5625552248705	182.42420717072463	7.059207213552662
117.01576048034715	164.46791508259534	64.14791406466254	7.458254678480856
50.32964963169043	111.70778427196808	86.9097794857373	5.495284169396013
35.51306515916747	77.70819053217124	104.38646298697314	6.498485438513824
155.21299861169385	162.62683351627885	157.17483707827265	4.04453429405043
120.1470500242768	187.17885155306269	70.73292610171798	4.06919887117896
83.23499839592903	141.69054494913937	40.49579380820274	5.8882339570094375
21.875236739892447	94.0072077652637	13.781975409161397	6.2995740668686775
172.28887926942255	179.20225990108256	170.84818658582	4.038804920387394
103.22505956398088	88.4317931211223	157.4214072465129	9.108912497468292
94.43865583268474	62.14746967772942	31.47601164335108	5.566340949979997
106.44340567780722	136.6750307650286	136.0177663818796	4.128071618904412
18.907463319737847	16.334461701455997	30.352859822183138	7.2444993621684075
171.5482552588643	76.3827313496368	195.19668028866596	3.7501380783042753
133.7771742590583	78.64596558451231	156.1287593447342	9.348235304745597
21.37384244681895	125.1200212068258	41.7782296772554	3.7823575306787385
168.18784974593476	35.20241659892832	46.774640752716465	4.622329483374102
28.97230859386982	72.72902210272153	34.62255824687786	7.388892079654525
41.74273196746683	51.98173846476476	26.258003904826	5.549146822708038
151.18055508551492	114.73123733901654	187.89944821463746	5.122468268743532
171.7542529787667	135.18809994852265	78.86814066320211	10.41357108821615
22.683342448302025	129.92483430815935	86.15781871157544	4.6896526632447895
107.26765711928928	174.73422116532416	153.78888404252515	5.828526740590549
27.300243136034428	65.599146225292	94.83233199187586	3.731746242111491
149.56026197345534	18.06699548946301	28.788606979077954	8.515583699969966
49.682307048266104	64.2859246806187	77.01052475434973	5.427001247591388
71.51153015242515	34.00540588950147	103.133035079722	4.107412920210012
65.1294916313543	143.99000662524156	65.94328699876024	6.781967379696251
76.89985490694329	143.21197349179533	158.7265617913821	5.021438348279345
183.44407826701854	152.6757894631451	59.90854618147463	6.537131087553981
179.65555117463344	14.382241502993013	76.61952760818707	4.884666194640914
89.67522838268535	53.031648932782794	160.1192495969784	10.712506315233245
65.46408451248922	172.25022114301768	61.39480658511977	4.636275855197885
75.65516704269628	61.41970728039259	153.7328311156843	9.44970047989796
153.1215631079656	72.75770985430742	86.519046066114	4.856509017873105
171.27253664137862	91.18841662793643	173.82161740549077	5.337147504272301
96.41376397446268	138.37488468109083	100.01056239321107	8.41622273213897
